Run semi-empirical minimization
 &qmmm
    qm_theory='AM1', grms_tol=0.0005,
 scfconv=1.d-10, ndiis_attempts=700,   qmcharge=0,
 /
   6    C1       -9.6510       -0.3360       -0.0000 
   1    H1       -9.7010       -0.9830        0.8860 
   1    H2       -9.7010       -0.9830       -0.8860 
   1    H3      -10.5440        0.3000       -0.0000 
   6    C2       -8.3630        0.5020        0.0000 
   1    H4       -8.3550        1.1630       -0.8800 
   1    H5       -8.3550        1.1630        0.8800 
   6    C3       -7.0830       -0.3540        0.0000 
   1    H6       -7.0910       -1.0150       -0.8800 
   1    H7       -7.0910       -1.0150        0.8800 
   6    C4       -5.7880        0.4780        0.0000 
   1    H8       -5.7820        1.1390        0.8800 
   1    H9       -5.7820        1.1390       -0.8800 
   6    C5       -4.5090       -0.3790        0.0000 
   1   H10       -4.5150       -1.0400       -0.8800 
   1   H11       -4.5150       -1.0400        0.8800 
   6    C6       -3.2140        0.4530        0.0000 
   1   H12       -3.2070        1.1140        0.8800 
   1   H13       -3.2070        1.1140       -0.8800 
   6    C7       -1.9350       -0.4040        0.0000 
   1   H14       -1.9410       -1.0650       -0.8800 
   1   H15       -1.9410       -1.0650        0.8800 
   6    C8       -0.6390        0.4280        0.0000 
   1   H16       -0.6330        1.0900        0.8800 
   1   H17       -0.6330        1.0900       -0.8800 
   6    C9        0.6390       -0.4280        0.0000 
   1   H18        0.6330       -1.0900       -0.8800 
   1   H19        0.6330       -1.0900        0.8800 
   6   C10        1.9350        0.4040        0.0000 
   1   H20        1.9410        1.0650        0.8800 
   1   H21        1.9410        1.0650       -0.8800 
   6   C11        3.2140       -0.4530        0.0000 
   1   H22        3.2070       -1.1140       -0.8800 
   1   H23        3.2070       -1.1140        0.8800 
   6   C12        4.5090        0.3790        0.0000 
   1   H24        4.5150        1.0400        0.8800 
   1   H25        4.5150        1.0400       -0.8800 
   6   C13        5.7880       -0.4780        0.0000 
   1   H26        5.7820       -1.1390       -0.8800 
   1   H27        5.7820       -1.1390        0.8800 
   6   C14        7.0830        0.3540        0.0000 
   1   H28        7.0910        1.0150        0.8800 
   1   H29        7.0910        1.0150       -0.8800 
   6   C15        8.3630       -0.5020        0.0000 
   1   H30        8.3550       -1.1630       -0.8800 
   1   H31        8.3550       -1.1630        0.8800 
   6   C16        9.6510        0.3360       -0.0000 
   1   H32        9.7010        0.9830        0.8860 
   1   H33       10.5440       -0.3000       -0.0000 
   1   H34        9.7010        0.9830       -0.8860 

