Run semi-empirical minimization
 &qmmm
    qm_theory='AM1', grms_tol=0.0005,
 scfconv=1.d-10, ndiis_attempts=700,   qmcharge=0,
 /
   6    C1       -1.2070        8.2840        0.0000 
   1    H1       -1.8550        8.2670        0.8860 
   1    H2       -1.8550        8.2670       -0.8860 
   1    H3       -0.6660        9.2370        0.0000 
   6    C2       -0.2400        7.0890        0.0000 
   1    H4        0.4180        7.1480       -0.8800 
   1    H5        0.4180        7.1480        0.8800 
   6    C3       -0.9610        5.7280        0.0000 
   1    H6       -1.6190        5.6670       -0.8800 
   1    H7       -1.6190        5.6670        0.8800 
   6    C4        0.0000        4.5250        0.0000 
   1    H8        0.6580        4.5870        0.8800 
   1    H9        0.6580        4.5870       -0.8800 
   6    C5       -0.7210        3.1640        0.0000 
   1   H10       -1.3790        3.1030       -0.8800 
   1   H11       -1.3790        3.1030        0.8800 
   6    C6        0.2400        1.9620        0.0000 
   1   H12        0.8990        2.0230        0.8800 
   1   H13        0.8990        2.0230       -0.8800 
   6    C7       -0.4800        0.6010        0.0000 
   1   H14       -1.1390        0.5400       -0.8800 
   1   H15       -1.1390        0.5400        0.8800 
   6    C8        0.4800       -0.6010        0.0000 
   1   H16        1.1390       -0.5400        0.8800 
   1   H17        1.1390       -0.5400       -0.8800 
   6    C9       -0.2400       -1.9620        0.0000 
   1   H18       -0.8990       -2.0230       -0.8800 
   1   H19       -0.8990       -2.0230        0.8800 
   6   C10        0.7210       -3.1640        0.0000 
   1   H20        1.3790       -3.1030        0.8800 
   1   H21        1.3790       -3.1030       -0.8800 
   6   C11        0.0000       -4.5250        0.0000 
   1   H22       -0.6580       -4.5870       -0.8800 
   1   H23       -0.6580       -4.5870        0.8800 
   6   C12        0.9610       -5.7280        0.0000 
   1   H24        1.6190       -5.6670        0.8800 
   1   H25        1.6190       -5.6670       -0.8800 
   6   C13        0.2400       -7.0890        0.0000 
   1   H26       -0.4180       -7.1480       -0.8800 
   1   H27       -0.4180       -7.1480        0.8800 
   6   C14        1.2070       -8.2840        0.0000 
   1   H28        1.8550       -8.2670        0.8860 
   1   H29        0.6660       -9.2370        0.0000 
   1   H30        1.8550       -8.2670       -0.8860 

