Run semi-empirical minimization
 &qmmm
    qm_theory='AM1', grms_tol=0.0005,
 scfconv=1.d-10, ndiis_attempts=700,   qmcharge=0,
 /
   6    C1       12.2240       -0.3540        0.0000 
   1    H1       12.2720       -1.0000       -0.8860 
   1    H2       12.2720       -1.0000        0.8860 
   1    H3       13.1190        0.2800        0.0000 
   6    C2       10.9390        0.4900        0.0000 
   1    H4       10.9330        1.1500        0.8800 
   1    H5       10.9330        1.1500       -0.8800 
   6    C3        9.6560       -0.3620        0.0000 
   1    H6        9.6620       -1.0240        0.8800 
   1    H7        9.6620       -1.0240       -0.8800 
   6    C4        8.3640        0.4740        0.0000 
   1    H8        8.3600        1.1350       -0.8800 
   1    H9        8.3600        1.1350        0.8800 
   6    C5        7.0820       -0.3790        0.0000 
   1   H10        7.0860       -1.0400        0.8800 
   1   H11        7.0860       -1.0400       -0.8800 
   6    C6        5.7890        0.4580        0.0000 
   1   H12        5.7850        1.1190       -0.8800 
   1   H13        5.7850        1.1190        0.8800 
   6    C7        4.5080       -0.3940        0.0000 
   1   H14        4.5120       -1.0560        0.8800 
   1   H15        4.5120       -1.0560       -0.8800 
   6    C8        3.2150        0.4420        0.0000 
   1   H16        3.2110        1.1030       -0.8800 
   1   H17        3.2110        1.1030        0.8800 
   6    C9        1.9330       -0.4100        0.0000 
   1   H18        1.9370       -1.0720        0.8800 
   1   H19        1.9370       -1.0720       -0.8800 
   6   C10        0.6410        0.4260        0.0000 
   1   H20        0.6370        1.0870       -0.8800 
   1   H21        0.6370        1.0870        0.8800 
   6   C11       -0.6410       -0.4260        0.0000 
   1   H22       -0.6370       -1.0870        0.8800 
   1   H23       -0.6370       -1.0870       -0.8800 
   6   C12       -1.9330        0.4100        0.0000 
   1   H24       -1.9370        1.0720       -0.8800 
   1   H25       -1.9370        1.0720        0.8800 
   6   C13       -3.2150       -0.4420        0.0000 
   1   H26       -3.2110       -1.1030        0.8800 
   1   H27       -3.2110       -1.1030       -0.8800 
   6   C14       -4.5080        0.3940        0.0000 
   1   H28       -4.5120        1.0560       -0.8800 
   1   H29       -4.5120        1.0560        0.8800 
   6   C15       -5.7890       -0.4580        0.0000 
   1   H30       -5.7850       -1.1190        0.8800 
   1   H31       -5.7850       -1.1190       -0.8800 
   6   C16       -7.0820        0.3790        0.0000 
   1   H32       -7.0860        1.0400       -0.8800 
   1   H33       -7.0860        1.0400        0.8800 
   6   C17       -8.3640       -0.4740        0.0000 
   1   H34       -8.3600       -1.1350        0.8800 
   1   H35       -8.3600       -1.1350       -0.8800 
   6   C18       -9.6560        0.3620        0.0000 
   1   H36       -9.6620        1.0240       -0.8800 
   1   H37       -9.6620        1.0240        0.8800 
   6   C19      -10.9390       -0.4900        0.0000 
   1   H38      -10.9330       -1.1500        0.8800 
   1   H39      -10.9330       -1.1500       -0.8800 
   6   C20      -12.2240        0.3540        0.0000 
   1   H40      -12.2720        1.0000       -0.8860 
   1   H41      -13.1190       -0.2800        0.0000 
   1   H42      -12.2720        1.0000        0.8860 

