Run semi-empirical minimization
 &qmmm
    qm_theory='AM1', grms_tol=0.0005,
 scfconv=1.d-10, ndiis_attempts=700,   qmcharge=0,
 /
   6    C1        2.8140        5.0730        0.0000 
   1    H1        2.2970        5.4640        0.8860 
   1    H2        2.2970        5.4640       -0.8860 
   1    H3        3.8320        5.4810        0.0000 
   6    C2        2.8240        3.5360        0.0000 
   1    H4        3.3760        3.1720       -0.8800 
   1    H5        3.3760        3.1720        0.8800 
   6    C3        1.4120        2.9220        0.0000 
   1    H6        0.8590        3.2860       -0.8800 
   1    H7        0.8590        3.2860        0.8800 
   6    C4        1.4120        1.3830        0.0000 
   1    H8        1.9650        1.0200        0.8800 
   1    H9        1.9650        1.0200       -0.8800 
   6    C5       -0.0000        0.7700        0.0000 
   1   H10       -0.5530        1.1320       -0.8800 
   1   H11       -0.5530        1.1320        0.8800 
   6    C6        0.0000       -0.7700        0.0000 
   1   H12        0.5530       -1.1320        0.8800 
   1   H13        0.5530       -1.1320       -0.8800 
   6    C7       -1.4120       -1.3830        0.0000 
   1   H14       -1.9650       -1.0200       -0.8800 
   1   H15       -1.9650       -1.0200        0.8800 
   6    C8       -1.4120       -2.9220        0.0000 
   1   H16       -0.8590       -3.2860        0.8800 
   1   H17       -0.8590       -3.2860       -0.8800 
   6    C9       -2.8240       -3.5360        0.0000 
   1   H18       -3.3760       -3.1720       -0.8800 
   1   H19       -3.3760       -3.1720        0.8800 
   6   C10       -2.8140       -5.0730        0.0000 
   1   H20       -2.2970       -5.4640        0.8860 
   1   H21       -3.8320       -5.4810        0.0000 
   1   H22       -2.2970       -5.4640       -0.8860 

