Run semi-empirical minimization
 &qmmm
    qm_theory='AM1', grms_tol=0.0005,
 scfconv=1.d-10, ndiis_attempts=700,   qmcharge=0,
 /
   6    C1        1.4210        2.9120        0.0000 
   1    H1        0.9060        3.3060        0.8860 
   1    H2        0.9060        3.3060       -0.8860 
   1    H3        2.4410        3.3130        0.0000 
   6    C2        1.4210        1.3750        0.0000 
   1    H4        1.9700        1.0080       -0.8800 
   1    H5        1.9700        1.0080        0.8800 
   6    C3        0.0050        0.7700        0.0000 
   1    H6       -0.5450        1.1370       -0.8800 
   1    H7       -0.5450        1.1370        0.8800 
   6    C4       -0.0050       -0.7700        0.0000 
   1    H8        0.5450       -1.1370        0.8800 
   1    H9        0.5450       -1.1370       -0.8800 
   6    C5       -1.4210       -1.3750        0.0000 
   1   H10       -1.9700       -1.0080       -0.8800 
   1   H11       -1.9700       -1.0080        0.8800 
   6    C6       -1.4210       -2.9120        0.0000 
   1   H12       -0.9060       -3.3060        0.8860 
   1   H13       -2.4410       -3.3130        0.0000 
   1   H14       -0.9060       -3.3060       -0.8860 

