Run semi-empirical minimization
 &qmmm
    qm_theory='AM1', grms_tol=0.0005,
 scfconv=1.d-10, ndiis_attempts=700,   qmcharge=0,
 /
   6    C1        0.0000       -2.5680        0.3250 
   1    H1       -0.8860       -2.6110        0.9720 
   1    H2        0.8860       -2.6110        0.9720 
   1    H3        0.0000       -3.4670       -0.3020 
   6    C2        0.0000       -1.2880       -0.5260 
   1    H4        0.8800       -1.2860       -1.1870 
   1    H5       -0.8800       -1.2860       -1.1870 
   6    C3        0.0000        0.0000        0.3180 
   1    H6        0.8800        0.0000        0.9800 
   1    H7       -0.8800        0.0000        0.9800 
   6    C4        0.0000        1.2880       -0.5260 
   1    H8       -0.8800        1.2860       -1.1870 
   1    H9        0.8800        1.2860       -1.1870 
   6    C5        0.0000        2.5680        0.3250 
   1   H10        0.8860        2.6110        0.9720 
   1   H11        0.0000        3.4670       -0.3020 
   1   H12       -0.8860        2.6110        0.9720 

