Run semi-empirical minimization
 &qmmm
    qm_theory='AM1', grms_tol=0.0005,
 scfconv=1.d-10, ndiis_attempts=700,   qmcharge=0,
 /
   6    C1      -10.9380       -0.3460       -0.0000 
   1    H1      -10.9860       -0.9920        0.8860 
   1    H2      -10.9860       -0.9920       -0.8860 
   1    H3      -11.8320        0.2890       -0.0000 
   6    C2       -9.6510        0.4950        0.0000 
   1    H4       -9.6440        1.1560       -0.8800 
   1    H5       -9.6440        1.1560        0.8800 
   6    C3       -8.3700       -0.3580        0.0000 
   1    H6       -8.3760       -1.0200       -0.8800 
   1    H7       -8.3760       -1.0200        0.8800 
   6    C4       -7.0760        0.4760        0.0000 
   1    H8       -7.0710        1.1370        0.8800 
   1    H9       -7.0710        1.1370       -0.8800 
   6    C5       -5.7950       -0.3780        0.0000 
   1   H10       -5.8000       -1.0400       -0.8800 
   1   H11       -5.8000       -1.0400        0.8800 
   6    C6       -4.5020        0.4560        0.0000 
   1   H12       -4.4970        1.1180        0.8800 
   1   H13       -4.4970        1.1180       -0.8800 
   6    C7       -3.2210       -0.3980        0.0000 
   1   H14       -3.2260       -1.0590       -0.8800 
   1   H15       -3.2260       -1.0590        0.8800 
   6    C8       -1.9270        0.4370        0.0000 
   1   H16       -1.9220        1.0980        0.8800 
   1   H17       -1.9220        1.0980       -0.8800 
   6    C9       -0.6470       -0.4170        0.0000 
   1   H18       -0.6520       -1.0790       -0.8800 
   1   H19       -0.6520       -1.0790        0.8800 
   6   C10        0.6470        0.4170        0.0000 
   1   H20        0.6520        1.0790        0.8800 
   1   H21        0.6520        1.0790       -0.8800 
   6   C11        1.9270       -0.4370        0.0000 
   1   H22        1.9220       -1.0980       -0.8800 
   1   H23        1.9220       -1.0980        0.8800 
   6   C12        3.2210        0.3980        0.0000 
   1   H24        3.2260        1.0590        0.8800 
   1   H25        3.2260        1.0590       -0.8800 
   6   C13        4.5020       -0.4560        0.0000 
   1   H26        4.4970       -1.1180       -0.8800 
   1   H27        4.4970       -1.1180        0.8800 
   6   C14        5.7950        0.3780        0.0000 
   1   H28        5.8000        1.0400        0.8800 
   1   H29        5.8000        1.0400       -0.8800 
   6   C15        7.0760       -0.4760        0.0000 
   1   H30        7.0710       -1.1370       -0.8800 
   1   H31        7.0710       -1.1370        0.8800 
   6   C16        8.3700        0.3580        0.0000 
   1   H32        8.3760        1.0200        0.8800 
   1   H33        8.3760        1.0200       -0.8800 
   6   C17        9.6510       -0.4950        0.0000 
   1   H34        9.6440       -1.1560       -0.8800 
   1   H35        9.6440       -1.1560        0.8800 
   6   C18       10.9380        0.3460       -0.0000 
   1   H36       10.9860        0.9920        0.8860 
   1   H37       11.8320       -0.2890       -0.0000 
   1   H38       10.9860        0.9920       -0.8860 

