Run semi-empirical minimization
 &qmmm
    qm_theory='AM1', grms_tol=0.0005,
 scfconv=1.d-10, ndiis_attempts=700,   qmcharge=0,
 /
   6    C1       -0.0910       -7.0850        0.0000 
   1    H1        0.5510       -7.1760        0.8860 
   1    H2        0.5510       -7.1760       -0.8860 
   1    H3       -0.7820       -7.9360        0.0000 
   6    C2       -0.8460       -5.7470        0.0000 
   1    H4       -1.5040       -5.6960       -0.8800 
   1    H5       -1.5040       -5.6960        0.8800 
   6    C3        0.0910       -4.5240        0.0000 
   1    H6        0.7500       -4.5740       -0.8800 
   1    H7        0.7500       -4.5740        0.8800 
   6    C4       -0.6570       -3.1780        0.0000 
   1    H8       -1.3160       -3.1300        0.8800 
   1    H9       -1.3160       -3.1300       -0.8800 
   6    C5        0.2800       -1.9570        0.0000 
   1   H10        0.9390       -2.0050       -0.8800 
   1   H11        0.9390       -2.0050        0.8800 
   6    C6       -0.4680       -0.6110        0.0000 
   1   H12       -1.1280       -0.5620        0.8800 
   1   H13       -1.1280       -0.5620       -0.8800 
   6    C7        0.4680        0.6110        0.0000 
   1   H14        1.1280        0.5620       -0.8800 
   1   H15        1.1280        0.5620        0.8800 
   6    C8       -0.2800        1.9570        0.0000 
   1   H16       -0.9390        2.0050        0.8800 
   1   H17       -0.9390        2.0050       -0.8800 
   6    C9        0.6570        3.1780        0.0000 
   1   H18        1.3160        3.1300       -0.8800 
   1   H19        1.3160        3.1300        0.8800 
   6   C10       -0.0910        4.5240        0.0000 
   1   H20       -0.7500        4.5740        0.8800 
   1   H21       -0.7500        4.5740       -0.8800 
   6   C11        0.8460        5.7470        0.0000 
   1   H22        1.5040        5.6960       -0.8800 
   1   H23        1.5040        5.6960        0.8800 
   6   C12        0.0910        7.0850        0.0000 
   1   H24       -0.5510        7.1760        0.8860 
   1   H25        0.7820        7.9360        0.0000 
   1   H26       -0.5510        7.1760       -0.8860 

