Run semi-empirical minimization
 &qmmm
    qm_theory='AM1', grms_tol=0.0005,
 scfconv=1.d-10, ndiis_attempts=700,   qmcharge=0,
 /
   6    C1        0.1650        4.5170        0.0000 
   1    H1       -0.4710        4.6440        0.8860 
   1    H2       -0.4710        4.6440       -0.8860 
   1    H3        0.9050        5.3260        0.0000 
   6    C2        0.8410        3.1360        0.0000 
   1    H4        1.4960        3.0480       -0.8800 
   1    H5        1.4960        3.0480        0.8800 
   6    C3       -0.1650        1.9700        0.0000 
   1    H6       -0.8210        2.0580       -0.8800 
   1    H7       -0.8210        2.0580        0.8800 
   6    C4        0.5030        0.5830        0.0000 
   1    H8        1.1590        0.4960        0.8800 
   1    H9        1.1590        0.4960       -0.8800 
   6    C5       -0.5030       -0.5830        0.0000 
   1   H10       -1.1590       -0.4960       -0.8800 
   1   H11       -1.1590       -0.4960        0.8800 
   6    C6        0.1650       -1.9700        0.0000 
   1   H12        0.8210       -2.0580        0.8800 
   1   H13        0.8210       -2.0580       -0.8800 
   6    C7       -0.8410       -3.1360        0.0000 
   1   H14       -1.4960       -3.0480       -0.8800 
   1   H15       -1.4960       -3.0480        0.8800 
   6    C8       -0.1650       -4.5170        0.0000 
   1   H16        0.4710       -4.6440        0.8860 
   1   H17       -0.9050       -5.3260        0.0000 
   1   H18        0.4710       -4.6440       -0.8860 

